function B_vec = calc_element_B(in1,in2)
%calc_element_B
%    B_vec = calc_element_B(IN1,IN2)

%    This function was generated by the Symbolic Math Toolbox version 25.1.
%    2025-11-26 12:57:49

a1 = in2(1,:);
a2 = in2(2,:);
a3 = in2(3,:);
a4 = in2(4,:);
a5 = in2(5,:);
a6 = in2(6,:);
x1 = in1(1);
x2 = in1(4);
x3 = in1(7);
x4 = in1(10);
y1 = in1(2);
y2 = in1(5);
y3 = in1(8);
y4 = in1(11);
z1 = in1(3);
z2 = in1(6);
z3 = in1(9);
z4 = in1(12);
t2 = x1.*y2.*z3;
t3 = x1.*y3.*z2;
t4 = x2.*y1.*z3;
t5 = x2.*y3.*z1;
t6 = x3.*y1.*z2;
t7 = x3.*y2.*z1;
t8 = x1.*y2.*z4;
t9 = x1.*y4.*z2;
t10 = x2.*y1.*z4;
t11 = x2.*y4.*z1;
t12 = x4.*y1.*z2;
t13 = x4.*y2.*z1;
t14 = x1.*y3.*z4;
t15 = x1.*y4.*z3;
t16 = x3.*y1.*z4;
t17 = x3.*y4.*z1;
t18 = x4.*y1.*z3;
t19 = x4.*y3.*z1;
t20 = x2.*y3.*z4;
t21 = x2.*y4.*z3;
t22 = x3.*y2.*z4;
t23 = x3.*y4.*z2;
t24 = x4.*y2.*z3;
t25 = x4.*y3.*z2;
t26 = -x2;
t27 = -x3;
t28 = -x4;
t29 = -y2;
t30 = -y3;
t31 = -y4;
t32 = -z2;
t33 = -z3;
t34 = -z4;
t35 = t26+x1;
t36 = t27+x1;
t37 = t28+x1;
t38 = t29+y1;
t39 = t30+y1;
t40 = t31+y1;
t41 = t32+z1;
t42 = t33+z1;
t43 = t34+z1;
t44 = -t3;
t45 = -t4;
t46 = -t7;
t47 = -t8;
t48 = -t11;
t49 = -t12;
t50 = -t15;
t51 = -t16;
t52 = -t19;
t53 = -t20;
t54 = -t23;
t55 = -t24;
t56 = t2+t5+t6+t9+t10+t13+t14+t17+t18+t21+t22+t25+t44+t45+t46+t47+t48+t49+t50+t51+t52+t53+t54+t55;
t57 = 1.0./t56;
t58 = t35.*t57.*2.0;
t59 = t36.*t57.*2.0;
t60 = t37.*t57.*2.0;
t61 = t38.*t57.*2.0;
t62 = t39.*t57.*2.0;
t63 = t40.*t57.*2.0;
t64 = t41.*t57.*2.0;
t65 = t42.*t57.*2.0;
t66 = t43.*t57.*2.0;
t67 = -t60;
t68 = -t63;
t69 = -t66;
B_vec = [-a1.*(t59+t67)+a2.*(t58+t67)+a4.*t60+a6.*t58-a3.*(t58-t59)-a5.*t36.*t57.*2.0;-a1.*(t62+t68)+a2.*(t61+t68)+a4.*t63+a6.*t61-a3.*(t61-t62)-a5.*t39.*t57.*2.0;-a1.*(t65+t69)+a2.*(t64+t69)+a4.*t66+a6.*t64-a3.*(t64-t65)-a5.*t42.*t57.*2.0];
end
